 RESULTS OF CONDUCT FOR CARTESIAN COORDINATE SYSTEM
 **************************************************


 ----------------------------------------------------------------
 UNSTEADY CONDUCTION AROUND AN UNDERGROUND BUILDING              
 ----------------------------------------------------------------


 ITER   TIME     T(2,14)   T(2,13)   T(2,12)   T(2,11)   T(2,10)
   0  0.00E+00  5.00E+01  5.00E+01  5.00E+01  5.00E+01  5.00E+01
 *********************************************************************
   3  1.50E+00  7.47E+01  6.68E+01  5.77E+01  5.34E+01  5.19E+01
   6  3.00E+00  8.96E+01  8.15E+01  6.88E+01  6.06E+01  5.70E+01
   9  4.50E+00  8.28E+01  8.04E+01  7.29E+01  6.58E+01  6.17E+01
  12  6.00E+00  5.77E+01  6.29E+01  6.61E+01  6.46E+01  6.24E+01
  15  7.50E+00  2.85E+01  3.88E+01  5.14E+01  5.70E+01  5.80E+01
  18  9.00E+00  1.24E+01  2.20E+01  3.72E+01  4.68E+01  5.06E+01
  21  1.05E+01  1.85E+01  2.21E+01  3.14E+01  3.99E+01  4.43E+01
  24  1.20E+01  4.34E+01  3.90E+01  3.74E+01  3.99E+01  4.26E+01
 *********************************************************************
  27  1.35E+01  7.23E+01  6.28E+01  5.14E+01  4.69E+01  4.63E+01
  30  1.50E+01  8.84E+01  7.94E+01  6.53E+01  5.65E+01  5.32E+01
  33  1.65E+01  8.21E+01  7.91E+01  7.08E+01  6.32E+01  5.91E+01
  36  1.80E+01  5.72E+01  6.21E+01  6.47E+01  6.29E+01  6.06E+01
  39  1.95E+01  2.83E+01  3.83E+01  5.05E+01  5.58E+01  5.68E+01
  42  2.10E+01  1.22E+01  2.16E+01  3.66E+01  4.61E+01  4.98E+01
  45  2.25E+01  1.84E+01  2.19E+01  3.10E+01  3.94E+01  4.38E+01
  48  2.40E+01  4.33E+01  3.89E+01  3.71E+01  3.96E+01  4.23E+01
 *********************************************************************
  51  2.55E+01  7.23E+01  6.27E+01  5.13E+01  4.67E+01  4.61E+01
  54  2.70E+01  8.84E+01  7.93E+01  6.52E+01  5.64E+01  5.31E+01
  57  2.85E+01  8.21E+01  7.91E+01  7.07E+01  6.31E+01  5.91E+01
  60  3.00E+01  5.72E+01  6.21E+01  6.47E+01  6.29E+01  6.07E+01
  63  3.15E+01  2.83E+01  3.83E+01  5.05E+01  5.58E+01  5.68E+01
  66  3.30E+01  1.22E+01  2.17E+01  3.66E+01  4.61E+01  4.99E+01
  69  3.45E+01  1.84E+01  2.19E+01  3.11E+01  3.94E+01  4.39E+01
  72  3.60E+01  4.33E+01  3.89E+01  3.72E+01  3.97E+01  4.23E+01
 *********************************************************************
  75  3.75E+01  7.23E+01  6.27E+01  5.13E+01  4.67E+01  4.62E+01
  78  3.90E+01  8.84E+01  7.93E+01  6.52E+01  5.65E+01  5.31E+01
  81  4.05E+01  8.21E+01  7.91E+01  7.08E+01  6.32E+01  5.92E+01
  84  4.20E+01  5.72E+01  6.21E+01  6.47E+01  6.30E+01  6.07E+01
  87  4.35E+01  2.83E+01  3.83E+01  5.06E+01  5.59E+01  5.69E+01
  90  4.50E+01  1.22E+01  2.17E+01  3.67E+01  4.62E+01  5.00E+01
  93  4.65E+01  1.84E+01  2.19E+01  3.11E+01  3.95E+01  4.39E+01
  96  4.80E+01  4.33E+01  3.89E+01  3.72E+01  3.97E+01  4.24E+01
 *********************************************************************
  99  4.95E+01  7.23E+01  6.27E+01  5.13E+01  4.68E+01  4.62E+01
 102  5.10E+01  8.84E+01  7.94E+01  6.53E+01  5.65E+01  5.32E+01
 105  5.25E+01  8.21E+01  7.91E+01  7.08E+01  6.32E+01  5.92E+01
 108  5.40E+01  5.73E+01  6.21E+01  6.47E+01  6.30E+01  6.08E+01
 111  5.55E+01  2.83E+01  3.83E+01  5.06E+01  5.59E+01  5.70E+01
 114  5.70E+01  1.22E+01  2.17E+01  3.67E+01  4.62E+01  5.00E+01
 117  5.85E+01  1.84E+01  2.19E+01  3.11E+01  3.95E+01  4.40E+01
 120  6.00E+01  4.33E+01  3.89E+01  3.72E+01  3.97E+01  4.24E+01
 *********************************************************************
