UNSTEADY CONDUCTION WITH HEAT GENERATION                        
    2   12   14    5    3    1    0    0    0    0
    0
   TEMPERATURE                                                          
                  
 .000000E+00 .495552E-01 .163403E+00 .299045E+00 .446752E+00
 .603418E+00 .767336E+00 .937398E+00 .111282E+01 .129301E+01
 .147752E+01 .157080E+01 .000000E+00 .416667E-01 .125000E+00
 .208333E+00 .291667E+00 .375000E+00 .458333E+00 .541667E+00
 .625000E+00 .708333E+00 .791667E+00 .875000E+00 .958333E+00
 .100000E+01 .000000E+00 .991105E-01 .227696E+00 .370395E+00
 .523108E+00 .683728E+00 .850944E+00 .102385E+01 .120179E+01
 .138424E+01 .157080E+01 .000000E+00 .833333E-01 .166667E+00
 .250000E+00 .333333E+00 .416667E+00 .500000E+00 .583333E+00
 .666667E+00 .750000E+00 .833333E+00 .916667E+00 .100000E+01
 .500000E+00 .541667E+00 .625000E+00 .708333E+00 .791667E+00
 .875000E+00 .958333E+00 .104167E+01 .112500E+01 .120833E+01
 .129167E+01 .137500E+01 .145833E+01 .150000E+01
 .500000E+02 .100000E+03 .100000E+03 .100000E+03 .100000E+03
 .100000E+03 .100000E+03 .100000E+03 .100000E+03 .100000E+03
 .100000E+03 .500000E+02 .111163E+03 .109757E+03 .107929E+03
 .106754E+03 .105962E+03 .105411E+03 .105028E+03 .104769E+03
 .104602E+03 .104502E+03 .104456E+03 .104450E+03 .120993E+03
 .119249E+03 .116029E+03 .113351E+03 .111341E+03 .109888E+03
 .108868E+03 .108177E+03 .107729E+03 .107463E+03 .107338E+03
 .107322E+03 .121510E+03 .119496E+03 .115498E+03 .111895E+03
 .109065E+03 .106977E+03 .105503E+03 .104502E+03 .103854E+03
 .103469E+03 .103289E+03 .103267E+03 .114445E+03 .112181E+03
 .107600E+03 .103362E+03 .999853E+02 .974793E+02 .957093E+02
 .945104E+02 .937367E+02 .932779E+02 .930637E+02 .930366E+02
 .107330E+03 .104827E+03 .997554E+02 .950647E+02 .913399E+02
 .885904E+02 .866593E+02 .853577E+02 .845208E+02 .840258E+02
 .837949E+02 .837658E+02 .100180E+03 .974457E+02 .919532E+02
 .869535E+02 .830456E+02 .801986E+02 .782184E+02 .768928E+02
 .760443E+02 .755438E+02 .753108E+02 .752813E+02 .929620E+02
 .900032E+02 .841595E+02 .789899E+02 .750495E+02 .722312E+02
 .702951E+02 .690093E+02 .681902E+02 .677085E+02 .674846E+02
 .674563E+02 .856127E+02 .824395E+02 .763329E+02 .711458E+02
 .673184E+02 .646401E+02 .628249E+02 .616292E+02 .608712E+02
 .604267E+02 .602203E+02 .601942E+02 .780500E+02 .746760E+02
 .684318E+02 .634048E+02 .598340E+02 .573927E+02 .557605E+02
 .546934E+02 .540200E+02 .536260E+02 .534432E+02 .534202E+02
 .701651E+02 .666111E+02 .604216E+02 .557648E+02 .525898E+02
 .504675E+02 .490657E+02 .481552E+02 .475827E+02 .472484E+02
 .470936E+02 .470740E+02 .618094E+02 .581092E+02 .522836E+02
 .482395E+02 .455886E+02 .438498E+02 .427121E+02 .419770E+02
 .415159E+02 .412471E+02 .411226E+02 .411069E+02 .527709E+02
 .489804E+02 .440323E+02 .408605E+02 .388393E+02 .375291E+02
 .366765E+02 .361272E+02 .357832E+02 .355827E+02 .354900E+02
 .354783E+02 .500000E+02 .440773E+02 .398927E+02 .372438E+02
 .355638E+02 .344770E+02 .337705E+02 .333154E+02 .330305E+02
 .328646E+02 .327878E+02 .500000E+02
