 RESULTS OF CONDUCT FOR POLAR COORDINATE SYSTEM
 **********************************************


 ----------------------------------------------------------------
 UNSTEADY CONDUCTION WITH HEAT GENERATION                        
 ----------------------------------------------------------------


 ITER   TIME    T(4,2)   T(10,4)  T(7,10) T(10,10)    QBTM      QTOP
   0  0.00E+00 5.00E+01 5.00E+01 5.00E+01 5.00E+01  0.00E+00  0.00E+00
   1  1.20E-03 6.39E+01 5.12E+01 5.00E+01 5.00E+01  8.71E+02 -2.88E+02
   2  2.64E-03 7.38E+01 5.29E+01 5.00E+01 5.00E+01  6.02E+02 -2.71E+02
   3  4.37E-03 8.08E+01 5.51E+01 4.99E+01 4.99E+01  4.21E+02 -2.55E+02
   4  6.44E-03 8.56E+01 5.77E+01 4.98E+01 4.98E+01  3.00E+02 -2.40E+02
   5  8.93E-03 8.91E+01 6.09E+01 4.96E+01 4.96E+01  2.18E+02 -2.26E+02
   6  1.19E-02 9.17E+01 6.43E+01 4.94E+01 4.94E+01  1.60E+02 -2.13E+02
   7  1.55E-02 9.38E+01 6.79E+01 4.90E+01 4.90E+01  1.15E+02 -2.00E+02
   8  1.98E-02 9.56E+01 7.16E+01 4.85E+01 4.85E+01  7.95E+01 -1.88E+02
   9  2.50E-02 9.71E+01 7.53E+01 4.79E+01 4.79E+01  4.93E+01 -1.77E+02
  10  3.12E-02 9.84E+01 7.88E+01 4.73E+01 4.72E+01  2.33E+01 -1.67E+02
  11  3.86E-02 9.96E+01 8.22E+01 4.67E+01 4.66E+01  4.30E-01 -1.57E+02
  12  4.75E-02 1.01E+02 8.53E+01 4.62E+01 4.61E+01 -1.97E+01 -1.49E+02
  13  5.82E-02 1.02E+02 8.81E+01 4.59E+01 4.58E+01 -3.74E+01 -1.42E+02
  14  7.10E-02 1.03E+02 9.06E+01 4.58E+01 4.56E+01 -5.29E+01 -1.37E+02
  15  8.64E-02 1.03E+02 9.29E+01 4.60E+01 4.57E+01 -6.63E+01 -1.34E+02
  16  1.05E-01 1.04E+02 9.48E+01 4.66E+01 4.61E+01 -7.77E+01 -1.34E+02
  17  1.27E-01 1.04E+02 9.64E+01 4.73E+01 4.66E+01 -8.74E+01 -1.36E+02
  18  1.54E-01 1.05E+02 9.78E+01 4.83E+01 4.74E+01 -9.56E+01 -1.40E+02
  19  1.86E-01 1.05E+02 9.90E+01 4.94E+01 4.83E+01 -1.02E+02 -1.45E+02
  20  2.24E-01 1.06E+02 1.00E+02 5.06E+01 4.92E+01 -1.08E+02 -1.51E+02
  21  2.70E-01 1.06E+02 1.01E+02 5.18E+01 5.02E+01 -1.13E+02 -1.57E+02
  22  3.25E-01 1.06E+02 1.02E+02 5.28E+01 5.10E+01 -1.17E+02 -1.62E+02
  23  3.91E-01 1.06E+02 1.02E+02 5.37E+01 5.18E+01 -1.20E+02 -1.67E+02
  24  4.71E-01 1.07E+02 1.03E+02 5.44E+01 5.24E+01 -1.23E+02 -1.71E+02
  25  5.66E-01 1.07E+02 1.03E+02 5.49E+01 5.29E+01 -1.24E+02 -1.74E+02
  26  6.81E-01 1.07E+02 1.03E+02 5.53E+01 5.32E+01 -1.26E+02 -1.76E+02
  27  8.18E-01 1.07E+02 1.03E+02 5.55E+01 5.34E+01 -1.26E+02 -1.77E+02
  28  9.83E-01 1.07E+02 1.03E+02 5.56E+01 5.35E+01 -1.27E+02 -1.78E+02
  29  1.18E+00 1.07E+02 1.03E+02 5.57E+01 5.36E+01 -1.27E+02 -1.78E+02
  30  1.42E+00 1.07E+02 1.03E+02 5.57E+01 5.36E+01 -1.27E+02 -1.78E+02
  31  1.70E+00 1.07E+02 1.03E+02 5.58E+01 5.36E+01 -1.27E+02 -1.78E+02
  32  2.04E+00 1.07E+02 1.03E+02 5.58E+01 5.36E+01 -1.27E+02 -1.78E+02
  33  2.46E+00 1.07E+02 1.03E+02 5.58E+01 5.36E+01 -1.27E+02 -1.78E+02
  34  2.95E+00 1.07E+02 1.03E+02 5.58E+01 5.36E+01 -1.27E+02 -1.78E+02
  35  3.54E+00 1.07E+02 1.03E+02 5.58E+01 5.36E+01 -1.27E+02 -1.78E+02
 

  I =     1        2        3        4        5        6        7
 TH = 0.00E+00 4.96E-02 1.63E-01 2.99E-01 4.47E-01 6.03E-01 7.67E-01

  I =     8        9       10       11       12
 TH = 9.37E-01 1.11E+00 1.29E+00 1.48E+00 1.57E+00
 

  J =     1        2        3        4        5        6        7
  Y = 0.00E+00 4.17E-02 1.25E-01 2.08E-01 2.92E-01 3.75E-01 4.58E-01

  J =     8        9       10       11       12       13       14
  Y = 5.42E-01 6.25E-01 7.08E-01 7.92E-01 8.75E-01 9.58E-01 1.00E+00

 ******      TEMPERATURE       ******
         --------------------

  I =     1        2        3        4        5        6        7
  J
 14    5.00E+01 4.41E+01 3.99E+01 3.72E+01 3.56E+01 3.45E+01 3.38E+01
 13    5.28E+01 4.90E+01 4.40E+01 4.09E+01 3.88E+01 3.75E+01 3.67E+01
 12    6.18E+01 5.81E+01 5.23E+01 4.82E+01 4.56E+01 4.38E+01 4.27E+01
 11    7.02E+01 6.66E+01 6.04E+01 5.58E+01 5.26E+01 5.05E+01 4.91E+01
 10    7.81E+01 7.47E+01 6.84E+01 6.34E+01 5.98E+01 5.74E+01 5.58E+01
  9    8.56E+01 8.24E+01 7.63E+01 7.11E+01 6.73E+01 6.46E+01 6.28E+01
  8    9.30E+01 9.00E+01 8.42E+01 7.90E+01 7.50E+01 7.22E+01 7.03E+01
  7    1.00E+02 9.74E+01 9.20E+01 8.70E+01 8.30E+01 8.02E+01 7.82E+01
  6    1.07E+02 1.05E+02 9.98E+01 9.51E+01 9.13E+01 8.86E+01 8.67E+01
  5    1.14E+02 1.12E+02 1.08E+02 1.03E+02 1.00E+02 9.75E+01 9.57E+01
  4    1.22E+02 1.19E+02 1.15E+02 1.12E+02 1.09E+02 1.07E+02 1.06E+02
  3    1.21E+02 1.19E+02 1.16E+02 1.13E+02 1.11E+02 1.10E+02 1.09E+02
  2    1.11E+02 1.10E+02 1.08E+02 1.07E+02 1.06E+02 1.05E+02 1.05E+02
  1    5.00E+01 1.00E+02 1.00E+02 1.00E+02 1.00E+02 1.00E+02 1.00E+02

  I =     8        9       10       11       12
  J
 14    3.33E+01 3.30E+01 3.29E+01 3.28E+01 5.00E+01
 13    3.61E+01 3.58E+01 3.56E+01 3.55E+01 3.55E+01
 12    4.20E+01 4.15E+01 4.12E+01 4.11E+01 4.11E+01
 11    4.82E+01 4.76E+01 4.72E+01 4.71E+01 4.71E+01
 10    5.47E+01 5.40E+01 5.36E+01 5.34E+01 5.34E+01
  9    6.16E+01 6.09E+01 6.04E+01 6.02E+01 6.02E+01
  8    6.90E+01 6.82E+01 6.77E+01 6.75E+01 6.75E+01
  7    7.69E+01 7.60E+01 7.55E+01 7.53E+01 7.53E+01
  6    8.54E+01 8.45E+01 8.40E+01 8.38E+01 8.38E+01
  5    9.45E+01 9.37E+01 9.33E+01 9.31E+01 9.30E+01
  4    1.05E+02 1.04E+02 1.03E+02 1.03E+02 1.03E+02
  3    1.08E+02 1.08E+02 1.07E+02 1.07E+02 1.07E+02
  2    1.05E+02 1.05E+02 1.05E+02 1.04E+02 1.04E+02
  1    1.00E+02 1.00E+02 1.00E+02 1.00E+02 5.00E+01
