STEADY CONDUCTION IN IRREGULAR GEOMETRY                         
    2   14   14    5    1    1    0    0    0    0
    1
   TEMPERATURE                                                          
                  
 .000000E+00 .125000E+00 .375000E+00 .612500E+00 .837500E+00
 .106250E+01 .128750E+01 .155000E+01 .185000E+01 .212500E+01
 .237500E+01 .262500E+01 .287500E+01 .300000E+01 .000000E+00
 .100000E+00 .300000E+00 .500000E+00 .700000E+00 .950000E+00
 .125000E+01 .152500E+01 .177500E+01 .202500E+01 .227500E+01
 .255000E+01 .285000E+01 .300000E+01 .000000E+00 .250000E+00
 .500000E+00 .725000E+00 .950000E+00 .117500E+01 .140000E+01
 .170000E+01 .200000E+01 .225000E+01 .250000E+01 .275000E+01
 .300000E+01 .000000E+00 .200000E+00 .400000E+00 .600000E+00
 .800000E+00 .110000E+01 .140000E+01 .165000E+01 .190000E+01
 .215000E+01 .240000E+01 .270000E+01 .300000E+01 .100000E+01
 .100000E+01 .100000E+01 .100000E+01 .100000E+01 .100000E+01
 .100000E+01 .100000E+01 .100000E+01 .100000E+01 .100000E+01
 .100000E+01 .100000E+01 .100000E+01
 .500000E+03 .319883E+03 .320659E+03 .322006E+03 .323724E+03
 .326221E+03 .330179E+03 .337447E+03 .350750E+03 .365065E+03
 .372419E+03 .381273E+03 .407988E+03 .500000E+03 .328330E+03
 .328472E+03 .329605E+03 .331560E+03 .333984E+03 .337478E+03
 .343055E+03 .353443E+03 .372826E+03 .394589E+03 .404333E+03
 .415535E+03 .448913E+03 .500000E+03 .344861E+03 .345105E+03
 .347054E+03 .350329E+03 .353869E+03 .358756E+03 .366838E+03
 .382933E+03 .415525E+03 .458457E+03 .467461E+03 .473415E+03
 .486731E+03 .500000E+03 .360109E+03 .360491E+03 .363544E+03
 .368753E+03 .372690E+03 .377510E+03 .386106E+03 .406111E+03
 .451894E+03 .500000E+03 .500000E+03 .500000E+03 .500000E+03
 .500000E+03 .373353E+03 .373923E+03 .378479E+03 .387967E+03
 .390812E+03 .393281E+03 .398616E+03 .419104E+03 .465850E+03
 .500000E+03 .500000E+03 .500000E+03 .500000E+03 .500000E+03
 .386352E+03 .387068E+03 .392801E+03 .400000E+03 .400022E+03
 .400034E+03 .400040E+03 .422382E+03 .471321E+03 .500000E+03
 .500000E+03 .500000E+03 .500000E+03 .500000E+03 .394223E+03
 .394588E+03 .397506E+03 .400032E+03 .400039E+03 .400045E+03
 .400048E+03 .422060E+03 .469465E+03 .500000E+03 .500000E+03
 .500000E+03 .500000E+03 .500000E+03 .397458E+03 .397629E+03
 .399000E+03 .400049E+03 .400053E+03 .400056E+03 .400058E+03
 .418666E+03 .455237E+03 .483729E+03 .492287E+03 .496252E+03
 .498837E+03 .500000E+03 .398947E+03 .399023E+03 .399627E+03
 .400061E+03 .400064E+03 .400065E+03 .400066E+03 .416028E+03
 .446115E+03 .468530E+03 .481452E+03 .490136E+03 .496858E+03
 .500000E+03 .399789E+03 .399811E+03 .399987E+03 .400068E+03
 .400071E+03 .400071E+03 .400072E+03 .414666E+03 .440905E+03
 .460784E+03 .474856E+03 .485983E+03 .495460E+03 .500000E+03
 .400433E+03 .400424E+03 .400357E+03 .400071E+03 .400074E+03
 .400075E+03 .400075E+03 .415353E+03 .438854E+03 .457039E+03
 .471202E+03 .483480E+03 .494591E+03 .500000E+03 .401156E+03
 .401173E+03 .401311E+03 .401524E+03 .402400E+03 .404351E+03
 .408735E+03 .421499E+03 .439395E+03 .455524E+03 .469258E+03
 .482009E+03 .494064E+03 .500000E+03 .401738E+03 .401791E+03
 .402221E+03 .403225E+03 .405133E+03 .408576E+03 .414393E+03
 .424893E+03 .440284E+03 .455207E+03 .468552E+03 .481406E+03
 .493841E+03 .500000E+03 .500000E+03 .401869E+03 .402334E+03
 .403438E+03 .405474E+03 .409104E+03 .415101E+03 .425317E+03
 .440395E+03 .455167E+03 .468463E+03 .481330E+03 .493813E+03
 .500000E+03
    0    0    0    0    0    0    0    0    0    0    0    0    0    0    0    0    0    0
    0    0    0    0    0    0    0    0    0    0    0    0    0    0    0    0    0    0
    0    0    0    0    0    0    0    0    0    0    0    0    0    0    0    1    1    1
    1    0    0    0    0    0    0    0    0    0    0    1    1    1    1    0    0    0
    0    1    1    1    1    0    0    1    1    1    1    0    0    0    0    1    1    1
    1    0    0    1    1    1    1    0    0    0    0    1    1    1    1    0    0    0
    0    0    0    0    0    0    0    1    1    1    1    0    0    0    0    0    0    0
    0    0    0    1    1    1    1    0    0    0    0    0    0    0    0    0    0    1
    1    1    1    0    0    0    0    0    0    0    0    0    0    0    0    0    0    0
    0    0    0    0    0    0    0    0    0    0    0    0    0    0    0    0    0    0
    0    0    0    0    0    0    0    0    0    0    0    0    0    0    0    0
