CONDUCTION IN A COMPLEX CYLINDRICAL GEOMETRY                    
    2   14   11    5    2    1    0    0    0    0
    1
   TEMPERATURE                                                          
                  
 .000000E+00 .833333E-01 .250000E+00 .416667E+00 .583333E+00
 .750000E+00 .916667E+00 .101588E+01 .106135E+01 .113935E+01
 .126316E+01 .146945E+01 .180017E+01 .200000E+01 .000000E+00
 .833333E-01 .250000E+00 .416667E+00 .583333E+00 .750000E+00
 .916667E+00 .108333E+01 .125000E+01 .141667E+01 .150000E+01
 .000000E+00 .166667E+00 .333333E+00 .500000E+00 .666667E+00
 .833333E+00 .100000E+01 .103175E+01 .109094E+01 .118777E+01
 .133856E+01 .160035E+01 .200000E+01 .000000E+00 .166667E+00
 .333333E+00 .500000E+00 .666667E+00 .833333E+00 .100000E+01
 .116667E+01 .133333E+01 .150000E+01 .500000E+00 .583333E+00
 .750000E+00 .916667E+00 .108333E+01 .125000E+01 .141667E+01
 .158333E+01 .175000E+01 .191667E+01 .200000E+01
 .100000E+03 .200000E+03 .200000E+03 .200000E+03 .200000E+03
 .200000E+03 .200000E+03 .200000E+03 .200000E+03 .200000E+03
 .200000E+03 .200000E+03 .200000E+03 .100000E+03 .200000E+03
 .125000E+02 .125000E+02 .125000E+02 .155248E+03 .167736E+03
 .171667E+03 .172444E+03 .172715E+03 .172964E+03 .172927E+03
 .171719E+03 .161371E+03 .100000E+03 .200000E+03 .125000E+02
 .125000E+02 .125000E+02 .113102E+03 .128140E+03 .134360E+03
 .135720E+03 .136202E+03 .136647E+03 .136566E+03 .134550E+03
 .123247E+03 .100000E+03 .200000E+03 .125000E+02 .125000E+02
 .125000E+02 .997752E+02 .110182E+03 .114150E+03 .114960E+03
 .115236E+03 .115445E+03 .115191E+03 .113249E+03 .105137E+03
 .100000E+03 .200000E+03 .167988E+03 .133683E+03 .115700E+03
 .108791E+03 .106092E+03 .104874E+03 .104572E+03 .104450E+03
 .104260E+03 .103854E+03 .102098E+03 .100000E+03 .100000E+03
 .200000E+03 .182955E+03 .158378E+03 .139027E+03 .117577E+03
 .106040E+03 .101029E+03 .100128E+03 .998359E+02 .996355E+02
 .997439E+02 .100000E+03 .100000E+03 .100000E+03 .200000E+03
 .193036E+03 .182685E+03 .167997E+03 .121443E+03 .104750E+03
 .989951E+02 .986282E+02 .986505E+02 .992006E+02 .100000E+03
 .100000E+03 .100000E+03 .100000E+03 .200000E+03 .125000E+02
 .125000E+02 .125000E+02 .102392E+03 .981141E+02 .968724E+02
 .983523E+02 .992097E+02 .100000E+03 .100000E+03 .100000E+03
 .100000E+03 .100000E+03 .200000E+03 .125000E+02 .125000E+02
 .125000E+02 .939766E+02 .937753E+02 .958736E+02 .993611E+02
 .100000E+03 .100000E+03 .100000E+03 .100000E+03 .100000E+03
 .100000E+03 .200000E+03 .125000E+02 .125000E+02 .125000E+02
 .907592E+02 .919462E+02 .957972E+02 .100000E+03 .100000E+03
 .100000E+03 .100000E+03 .100000E+03 .100000E+03 .100000E+03
 .100000E+03 .125000E+02 .125000E+02 .125000E+02 .903571E+02
 .917175E+02 .957877E+02 .100000E+03 .100000E+03 .100000E+03
 .100000E+03 .100000E+03 .100000E+03 .100000E+03
    0    0    0    0    0    0    0    0    0    0    0    0    0    0    0    1    1    1
    0    0    0    0    0    0    0    0    0    0    0    1    1    1    0    0    0    0
    0    0    0    0    0    0    0    1    1    1    0    0    0    0    0    0    0    0
    0    0    0    0    0    0    0    0    0    0    0    0    0    0    1    0    0    0
    0    0    0    0    0    0    0    0    0    1    1    0    0    0    0    0    0    0
    0    0    0    0    1    1    1    0    0    1    1    1    0    0    0    0    0    1
    1    1    1    0    0    1    1    1    0    0    0    0    1    1    1    1    1    0
    0    1    1    1    0    0    0    1    1    1    1    1    1    0    0    0    0    0
    0    0    0    0    0    0    0    0    0    0
