 RESULTS OF CONDUCT FOR AXISYMMETRIC COORDINATE SYSTEM
 *****************************************************


 ----------------------------------------------------------------
 CONDUCTION IN A COMPLEX CYLINDRICAL GEOMETRY                    
 ----------------------------------------------------------------


  ITER  T(4,5)    T(6,10)   T(10,4)   T(12,4)
    0  1.00E+02  1.00E+02  1.00E+02  1.00E+02
    1  1.16E+02  9.19E+01  1.15E+02  1.13E+02
    2  1.16E+02  9.19E+01  1.15E+02  1.13E+02
    3  1.16E+02  9.19E+01  1.15E+02  1.13E+02
 

  I =     1        2        3        4        5        6        7
  X = 0.00E+00 8.33E-02 2.50E-01 4.17E-01 5.83E-01 7.50E-01 9.17E-01

  I =     8        9       10       11       12       13       14
  X = 1.02E+00 1.06E+00 1.14E+00 1.26E+00 1.47E+00 1.80E+00 2.00E+00
 

  J =     1        2        3        4        5        6        7
  Y = 0.00E+00 8.33E-02 2.50E-01 4.17E-01 5.83E-01 7.50E-01 9.17E-01

  J =     8        9       10       11
  Y = 1.08E+00 1.25E+00 1.42E+00 1.50E+00

 ******      TEMPERATURE       ******
         --------------------

  I =     1        2        3        4        5        6        7
  J
 11    1.00E+02 1.25E+01 1.25E+01 1.25E+01 9.04E+01 9.17E+01 9.58E+01
 10    2.00E+02 1.25E+01 1.25E+01 1.25E+01 9.08E+01 9.19E+01 9.58E+01
  9    2.00E+02 1.25E+01 1.25E+01 1.25E+01 9.40E+01 9.38E+01 9.59E+01
  8    2.00E+02 1.25E+01 1.25E+01 1.25E+01 1.02E+02 9.81E+01 9.69E+01
  7    2.00E+02 1.93E+02 1.83E+02 1.68E+02 1.21E+02 1.05E+02 9.90E+01
  6    2.00E+02 1.83E+02 1.58E+02 1.39E+02 1.18E+02 1.06E+02 1.01E+02
  5    2.00E+02 1.68E+02 1.34E+02 1.16E+02 1.09E+02 1.06E+02 1.05E+02
  4    2.00E+02 1.25E+01 1.25E+01 1.25E+01 9.98E+01 1.10E+02 1.14E+02
  3    2.00E+02 1.25E+01 1.25E+01 1.25E+01 1.13E+02 1.28E+02 1.34E+02
  2    2.00E+02 1.25E+01 1.25E+01 1.25E+01 1.55E+02 1.68E+02 1.72E+02
  1    1.00E+02 2.00E+02 2.00E+02 2.00E+02 2.00E+02 2.00E+02 2.00E+02

  I =     8        9       10       11       12       13       14
  J
 11    1.00E+02 1.00E+02 1.00E+02 1.00E+02 1.00E+02 1.00E+02 1.00E+02
 10    1.00E+02 1.00E+02 1.00E+02 1.00E+02 1.00E+02 1.00E+02 1.00E+02
  9    9.94E+01 1.00E+02 1.00E+02 1.00E+02 1.00E+02 1.00E+02 1.00E+02
  8    9.84E+01 9.92E+01 1.00E+02 1.00E+02 1.00E+02 1.00E+02 1.00E+02
  7    9.86E+01 9.87E+01 9.92E+01 1.00E+02 1.00E+02 1.00E+02 1.00E+02
  6    1.00E+02 9.98E+01 9.96E+01 9.97E+01 1.00E+02 1.00E+02 1.00E+02
  5    1.05E+02 1.04E+02 1.04E+02 1.04E+02 1.02E+02 1.00E+02 1.00E+02
  4    1.15E+02 1.15E+02 1.15E+02 1.15E+02 1.13E+02 1.05E+02 1.00E+02
  3    1.36E+02 1.36E+02 1.37E+02 1.37E+02 1.35E+02 1.23E+02 1.00E+02
  2    1.72E+02 1.73E+02 1.73E+02 1.73E+02 1.72E+02 1.61E+02 1.00E+02
  1    2.00E+02 2.00E+02 2.00E+02 2.00E+02 2.00E+02 2.00E+02 1.00E+02
