STEADY CONDUCTION WITH HEAT GENERATION                          
    2    5    5    5    1    1    0    0    0    0
    0
   TEMPERATURE                                                          
                  
 .000000E+00 .333333E+00 .100000E+01 .166667E+01 .200000E+01
 .000000E+00 .333333E+00 .100000E+01 .166667E+01 .200000E+01
 .000000E+00 .666667E+00 .133333E+01 .200000E+01 .000000E+00
 .666667E+00 .133333E+01 .200000E+01 .100000E+01 .100000E+01
 .100000E+01 .100000E+01 .100000E+01
 .000000E+00 .100000E+02 .000000E+00 .000000E+00 .000000E+00
 .000000E+00 .208333E+08 .105992E+01 .606217E+00 .000000E+00
 .000000E+00 .105992E+01 .154087E+01 .910714E+00 .000000E+00
 .000000E+00 .606217E+00 .910714E+00 .581349E+00 .000000E+00
 .000000E+00 .000000E+00 .000000E+00 .000000E+00 .000000E+00
