 RESULTS OF CONDUCT FOR CARTESIAN COORDINATE SYSTEM
 **************************************************


 ----------------------------------------------------------------
 STEADY CONDUCTION WITH HEAT GENERATION                          
 ----------------------------------------------------------------


  ITER   T(2,2)    T(4,2)    T(6,3)
   0    0.00E+00  0.00E+00  0.00E+00
   1    2.08E+07  6.06E-01  0.00E+00
   2    2.08E+07  6.06E-01  0.00E+00
   3    2.08E+07  6.06E-01  0.00E+00
   4    2.08E+07  6.06E-01  0.00E+00
   5    2.08E+07  6.06E-01  0.00E+00
   6    2.08E+07  6.06E-01  0.00E+00
   7    2.08E+07  6.06E-01  0.00E+00
   8    2.08E+07  6.06E-01  0.00E+00
   9    2.08E+07  6.06E-01  0.00E+00
  10    2.08E+07  6.06E-01  0.00E+00
  11    2.08E+07  6.06E-01  0.00E+00
  12    2.08E+07  6.06E-01  0.00E+00
  13    2.08E+07  6.06E-01  0.00E+00
  14    2.08E+07  6.06E-01  0.00E+00
  15    2.08E+07  6.06E-01  0.00E+00
 

  I =     1        2        3        4        5
  X = 0.00E+00 3.33E-01 1.00E+00 1.67E+00 2.00E+00
 

  J =     1        2        3        4        5
  Y = 0.00E+00 3.33E-01 1.00E+00 1.67E+00 2.00E+00

 ******      TEMPERATURE       ******
         --------------------

  I =     1        2        3        4        5
  J
  5    0.00E+00 0.00E+00 0.00E+00 0.00E+00 0.00E+00
  4    0.00E+00 6.06E-01 9.11E-01 5.81E-01 0.00E+00
  3    0.00E+00 1.06E+00 1.54E+00 9.11E-01 0.00E+00
  2    0.00E+00 2.08E+07 1.06E+00 6.06E-01 0.00E+00
  1    0.00E+00 1.00E+01 0.00E+00 0.00E+00 0.00E+00
