STEADYYY CONDUCTION WITH MIXED BOUNDARY CONDITIONS              
    2   12    8    5    1    1    0    0    0    0
    0
   TEMPERATURE                                                          
                  
 .000000E+00 .500000E-01 .150000E+00 .250000E+00 .350000E+00
 .450000E+00 .550000E+00 .650000E+00 .750000E+00 .850000E+00
 .950000E+00 .100000E+01 .000000E+00 .416667E-01 .125000E+00
 .208333E+00 .291667E+00 .375000E+00 .458333E+00 .500000E+00
 .000000E+00 .100000E+00 .200000E+00 .300000E+00 .400000E+00
 .500000E+00 .600000E+00 .700000E+00 .800000E+00 .900000E+00
 .100000E+01 .000000E+00 .833333E-01 .166667E+00 .250000E+00
 .333333E+00 .416667E+00 .500000E+00 .100000E+01 .100000E+01
 .100000E+01 .100000E+01 .100000E+01 .100000E+01 .100000E+01
 .100000E+01
 .100000E+03 .121995E+03 .144763E+03 .158710E+03 .166070E+03
 .167827E+03 .164478E+03 .156254E+03 .143151E+03 .124957E+03
 .101284E+03 .100000E+03 .100000E+03 .116374E+03 .138682E+03
 .152458E+03 .159741E+03 .161458E+03 .158087E+03 .149859E+03
 .136770E+03 .118595E+03 .950342E+02 .807297E+02 .100000E+03
 .111405E+03 .130033E+03 .142441E+03 .149111E+03 .150503E+03
 .146956E+03 .138699E+03 .125723E+03 .107706E+03 .850339E+02
 .721303E+02 .100000E+03 .108995E+03 .124438E+03 .135180E+03
 .140941E+03 .141778E+03 .137885E+03 .129577E+03 .116896E+03
 .987311E+02 .765814E+02 .648371E+02 .100000E+03 .107626E+03
 .120826E+03 .130125E+03 .134959E+03 .135108E+03 .130635E+03
 .122224E+03 .106070E+03 .847524E+02 .587899E+02 .391632E+02
 .100000E+03 .106838E+03 .118632E+03 .126906E+03 .130976E+03
 .130395E+03 .124854E+03 .114292E+03 .880185E+02 .641811E+02
 .412474E+02 .266628E+02 .100000E+03 .106471E+03 .117588E+03
 .125330E+03 .128961E+03 .127861E+03 .121279E+03 .107692E+03
 .548448E+02 .370002E+02 .259871E+02 .172565E+02 .100000E+03
 .106425E+03 .117457E+03 .125133E+03 .128709E+03 .127544E+03
 .120832E+03 .106866E+03 .200000E+02 .200000E+02 .200000E+02
 .100000E+03
