 RESULTS OF CONDUCT FOR CARTESIAN COORDINATE SYSTEM
 **************************************************


 ----------------------------------------------------------------
 STEADYYY CONDUCTION WITH MIXED BOUNDARY CONDITIONS              
 ----------------------------------------------------------------


  ITER   T(3,3)    T(5,4)    T(10,7)    HEAT FLOW (LEFT FACE)
   0    1.00E+02  1.00E+02  1.00E+02          0.000E+00
   1    1.29E+02  1.38E+02  3.38E+01         -4.948E+02
   2    1.30E+02  1.41E+02  3.70E+01         -5.158E+02
   3    1.30E+02  1.41E+02  3.70E+01         -5.126E+02
   4    1.30E+02  1.41E+02  3.70E+01         -5.127E+02
   5    1.30E+02  1.41E+02  3.70E+01         -5.127E+02
   6    1.30E+02  1.41E+02  3.70E+01         -5.127E+02

  J        Y(J)     FLUX(LEFT)    FLUX(RIGHT)
  7      4.58E-01   -6.77E+02     -2.45E+02
  6      3.75E-01   -7.15E+02     -4.33E+02
  5      2.92E-01   -7.97E+02     -6.83E+02
  4      2.08E-01   -9.42E+02     -1.20E+03
  3      1.25E-01   -1.21E+03     -1.34E+03
  2      4.17E-02   -1.81E+03     -1.51E+03

  I        X(I)     FLUX(BOTTOM)  FLUX(TOP)
  2      5.00E-02    8.00E+02      1.55E-04
  3      1.50E-01    8.00E+02     -6.05E-04
  4      2.50E-01    8.00E+02     -4.49E-04
  5      3.50E-01    8.00E+02     -2.94E-04
  6      4.50E-01    8.00E+02     -4.41E-04
  7      5.50E-01    8.00E+02      1.75E-04
  8      6.50E-01    8.00E+02     -2.62E-04
  9      7.50E-01    8.00E+02     -1.50E+03
 10      8.50E-01    8.00E+02     -5.83E+02
 11      9.50E-01    8.00E+02     -1.60E+02

 OVERALL HEAT BALANCE
 ********************
 HEAT OUTFLOW     GENERATION      DIFFERENCE
   3.885E+02       3.885E+02     -6.104E-03
 

  I =     1        2        3        4        5        6        7
  X = 0.00E+00 5.00E-02 1.50E-01 2.50E-01 3.50E-01 4.50E-01 5.50E-01

  I =     8        9       10       11       12
  X = 6.50E-01 7.50E-01 8.50E-01 9.50E-01 1.00E+00
 

  J =     1        2        3        4        5        6        7
  Y = 0.00E+00 4.17E-02 1.25E-01 2.08E-01 2.92E-01 3.75E-01 4.58E-01

  J =     8
  Y = 5.00E-01

 ******      TEMPERATURE       ******
         --------------------

  I =     1        2        3        4        5        6        7
  J
  8    1.00E+02 1.06E+02 1.17E+02 1.25E+02 1.29E+02 1.28E+02 1.21E+02
  7    1.00E+02 1.06E+02 1.18E+02 1.25E+02 1.29E+02 1.28E+02 1.21E+02
  6    1.00E+02 1.07E+02 1.19E+02 1.27E+02 1.31E+02 1.30E+02 1.25E+02
  5    1.00E+02 1.08E+02 1.21E+02 1.30E+02 1.35E+02 1.35E+02 1.31E+02
  4    1.00E+02 1.09E+02 1.24E+02 1.35E+02 1.41E+02 1.42E+02 1.38E+02
  3    1.00E+02 1.11E+02 1.30E+02 1.42E+02 1.49E+02 1.51E+02 1.47E+02
  2    1.00E+02 1.16E+02 1.39E+02 1.52E+02 1.60E+02 1.61E+02 1.58E+02
  1    1.00E+02 1.22E+02 1.45E+02 1.59E+02 1.66E+02 1.68E+02 1.64E+02

  I =     8        9       10       11       12
  J
  8    1.07E+02 2.00E+01 2.00E+01 2.00E+01 1.00E+02
  7    1.08E+02 5.48E+01 3.70E+01 2.60E+01 1.73E+01
  6    1.14E+02 8.80E+01 6.42E+01 4.12E+01 2.67E+01
  5    1.22E+02 1.06E+02 8.48E+01 5.88E+01 3.92E+01
  4    1.30E+02 1.17E+02 9.87E+01 7.66E+01 6.48E+01
  3    1.39E+02 1.26E+02 1.08E+02 8.50E+01 7.21E+01
  2    1.50E+02 1.37E+02 1.19E+02 9.50E+01 8.07E+01
  1    1.56E+02 1.43E+02 1.25E+02 1.01E+02 1.00E+02
