STEADYYY CONDUCTION WITH MIXED BOUNDARY CONDITIONS              
    2   24   14    5    1    1    0    0    0    0
    0
   TEMPERATURE                                                          
                  
 .000000E+00 .250000E+00 .750000E+00 .125000E+01 .175000E+01
 .225000E+01 .275000E+01 .325000E+01 .375000E+01 .425000E+01
 .475000E+01 .525000E+01 .575000E+01 .625000E+01 .675000E+01
 .725000E+01 .775000E+01 .825000E+01 .875000E+01 .925000E+01
 .975000E+01 .102500E+02 .107500E+02 .110000E+02 .000000E+00
 .250000E+00 .750000E+00 .125000E+01 .175000E+01 .225000E+01
 .275000E+01 .325000E+01 .375000E+01 .425000E+01 .475000E+01
 .525000E+01 .575000E+01 .600000E+01 .000000E+00 .500000E+00
 .100000E+01 .150000E+01 .200000E+01 .250000E+01 .300000E+01
 .350000E+01 .400000E+01 .450000E+01 .500000E+01 .550000E+01
 .600000E+01 .650000E+01 .700000E+01 .750000E+01 .800000E+01
 .850000E+01 .900000E+01 .950000E+01 .100000E+02 .105000E+02
 .110000E+02 .000000E+00 .500000E+00 .100000E+01 .150000E+01
 .200000E+01 .250000E+01 .300000E+01 .350000E+01 .400000E+01
 .450000E+01 .500000E+01 .550000E+01 .600000E+01 .100000E+01
 .100000E+01 .100000E+01 .100000E+01 .100000E+01 .100000E+01
 .100000E+01 .100000E+01 .100000E+01 .100000E+01 .100000E+01
 .100000E+01 .100000E+01 .100000E+01
 .260000E+03 .260000E+03 .260000E+03 .260000E+03 .260000E+03
 .260000E+03 .260000E+03 .435000E+03 .435000E+03 .435000E+03
 .435000E+03 .435000E+03 .435000E+03 .435000E+03 .435000E+03
 .435000E+03 .435000E+03 .435000E+03 .435000E+03 .435000E+03
 .435000E+03 .435000E+03 .435000E+03 .435000E+03 .260000E+03
 .276324E+03 .285018E+03 .294868E+03 .307397E+03 .325946E+03
 .358914E+03 .431033E+03 .430954E+03 .430795E+03 .430554E+03
 .430228E+03 .429818E+03 .429326E+03 .428754E+03 .428090E+03
 .427286E+03 .426211E+03 .424609E+03 .421987E+03 .417216E+03
 .406868E+03 .376989E+03 .328680E+03 .260000E+03 .283759E+03
 .296225E+03 .309852E+03 .326167E+03 .347788E+03 .378837E+03
 .423158E+03 .422922E+03 .422447E+03 .421724E+03 .420748E+03
 .419517E+03 .418040E+03 .416330E+03 .414376E+03 .412060E+03
 .409027E+03 .404594E+03 .397573E+03 .385832E+03 .365250E+03
 .327704E+03 .298235E+03 .260000E+03 .290038E+03 .305380E+03
 .321253E+03 .338795E+03 .359558E+03 .385137E+03 .415518E+03
 .415130E+03 .414346E+03 .413148E+03 .411523E+03 .409462E+03
 .406985E+03 .404149E+03 .401023E+03 .397552E+03 .393243E+03
 .387165E+03 .377878E+03 .363287E+03 .340598E+03 .306943E+03
 .285938E+03 .260000E+03 .295442E+03 .312934E+03 .329914E+03
 .347200E+03 .365738E+03 .386216E+03 .408266E+03 .407736E+03
 .406658E+03 .405002E+03 .402732E+03 .399823E+03 .396291E+03
 .392258E+03 .388014E+03 .383882E+03 .379229E+03 .372945E+03
 .363488E+03 .348840E+03 .326912E+03 .297321E+03 .280409E+03
 .260000E+03 .300684E+03 .319864E+03 .337135E+03 .353291E+03
 .369160E+03 .385278E+03 .401545E+03 .400889E+03 .399547E+03
 .397468E+03 .394581E+03 .390805E+03 .386097E+03 .380578E+03
 .374894E+03 .370732E+03 .366847E+03 .361896E+03 .354288E+03
 .341674E+03 .320887E+03 .293346E+03 .278152E+03 .260000E+03
 .307025E+03 .327623E+03 .344386E+03 .358655E+03 .371551E+03
 .383767E+03 .395479E+03 .394727E+03 .393175E+03 .390743E+03
 .387317E+03 .382721E+03 .376713E+03 .369062E+03 .360252E+03
 .357303E+03 .355532E+03 .353505E+03 .350095E+03 .342678E+03
 .321618E+03 .293166E+03 .277974E+03 .260000E+03 .316869E+03
 .338289E+03 .353206E+03 .364522E+03 .373952E+03 .382393E+03
 .390164E+03 .389366E+03 .387680E+03 .385013E+03 .381222E+03
 .376049E+03 .368970E+03 .358704E+03 .350001E+03 .350001E+03
 .350001E+03 .350001E+03 .350002E+03 .350002E+03 .329741E+03
 .295561E+03 .278995E+03 .260000E+03 .335782E+03 .354782E+03
 .364946E+03 .371639E+03 .376850E+03 .381421E+03 .385649E+03
 .384889E+03 .383164E+03 .380406E+03 .376509E+03 .371283E+03
 .364414E+03 .355488E+03 .350001E+03 .350001E+03 .350000E+03
 .350001E+03 .350002E+03 .350002E+03 .331523E+03 .296561E+03
 .279542E+03 .379730E+03 .379732E+03 .379750E+03 .379795E+03
 .379897E+03 .380125E+03 .380645E+03 .381893E+03 .381375E+03
 .379681E+03 .376935E+03 .373123E+03 .368157E+03 .361916E+03
 .354317E+03 .350001E+03 .350001E+03 .350001E+03 .350002E+03
 .350002E+03 .350003E+03 .331306E+03 .296327E+03 .279399E+03
 .379714E+03 .379714E+03 .379721E+03 .379738E+03 .379771E+03
 .379832E+03 .379915E+03 .379900E+03 .379036E+03 .377246E+03
 .374531E+03 .370888E+03 .366308E+03 .360773E+03 .354181E+03
 .350001E+03 .350001E+03 .350002E+03 .350002E+03 .350002E+03
 .350003E+03 .328677E+03 .294594E+03 .278416E+03 .379691E+03
 .379690E+03 .379683E+03 .379663E+03 .379617E+03 .379514E+03
 .379282E+03 .378756E+03 .377620E+03 .375734E+03 .373054E+03
 .369589E+03 .365411E+03 .360689E+03 .355811E+03 .351845E+03
 .350392E+03 .349432E+03 .348136E+03 .345473E+03 .338673E+03
 .317478E+03 .290562E+03 .276510E+03 .379675E+03 .379673E+03
 .379656E+03 .379613E+03 .379519E+03 .379326E+03 .378942E+03
 .378217E+03 .376952E+03 .375015E+03 .372358E+03 .369002E+03
 .365058E+03 .360759E+03 .356529E+03 .353018E+03 .350679E+03
 .348627E+03 .345771E+03 .340551E+03 .330408E+03 .312000E+03
 .288115E+03 .275254E+03 .380000E+03 .379671E+03 .379653E+03
 .379606E+03 .379506E+03 .379302E+03 .378900E+03 .378150E+03
 .376868E+03 .374926E+03 .372271E+03 .368929E+03 .365014E+03
 .360768E+03 .356619E+03 .353164E+03 .350715E+03 .348527E+03
 .345476E+03 .339935E+03 .329375E+03 .311315E+03 .287809E+03
 .435000E+03
