STEADY CONDUCTION IN IRREGULAR GEOMETRY                         
    2   14   14    5    1    1    0    0    0    0
    1
   TEMPERATURE                                                          
                  
 .000000E+00 .125000E+00 .375000E+00 .612500E+00 .837500E+00
 .106250E+01 .128750E+01 .155000E+01 .185000E+01 .225000E+01
 .275000E+01 .325000E+01 .375000E+01 .400000E+01 .000000E+00
 .100000E+00 .300000E+00 .500000E+00 .700000E+00 .950000E+00
 .125000E+01 .152500E+01 .177500E+01 .202500E+01 .227500E+01
 .255000E+01 .285000E+01 .300000E+01 .000000E+00 .250000E+00
 .500000E+00 .725000E+00 .950000E+00 .117500E+01 .140000E+01
 .170000E+01 .200000E+01 .250000E+01 .300000E+01 .350000E+01
 .400000E+01 .000000E+00 .200000E+00 .400000E+00 .600000E+00
 .800000E+00 .110000E+01 .140000E+01 .165000E+01 .190000E+01
 .215000E+01 .240000E+01 .270000E+01 .300000E+01 .100000E+01
 .100000E+01 .100000E+01 .100000E+01 .100000E+01 .100000E+01
 .100000E+01 .100000E+01 .100000E+01 .100000E+01 .100000E+01
 .100000E+01 .100000E+01 .100000E+01
 .500000E+03 .319866E+03 .320635E+03 .321962E+03 .323642E+03
 .326059E+03 .329856E+03 .336748E+03 .349039E+03 .367808E+03
 .371881E+03 .373983E+03 .389472E+03 .500000E+03 .328309E+03
 .328449E+03 .329572E+03 .331500E+03 .333871E+03 .337255E+03
 .342613E+03 .352482E+03 .370430E+03 .398353E+03 .403723E+03
 .406385E+03 .425797E+03 .500000E+03 .344833E+03 .345075E+03
 .347012E+03 .350254E+03 .353728E+03 .358480E+03 .366288E+03
 .381727E+03 .412212E+03 .462986E+03 .467732E+03 .469178E+03
 .477808E+03 .500000E+03 .360081E+03 .360462E+03 .363505E+03
 .368691E+03 .372575E+03 .377288E+03 .385677E+03 .405265E+03
 .450618E+03 .500000E+03 .500000E+03 .500000E+03 .500000E+03
 .500000E+03 .373331E+03 .373900E+03 .378454E+03 .387941E+03
 .390767E+03 .393192E+03 .398427E+03 .418596E+03 .465287E+03
 .500000E+03 .500000E+03 .500000E+03 .500000E+03 .500000E+03
 .386338E+03 .387055E+03 .392792E+03 .400000E+03 .400022E+03
 .400034E+03 .400040E+03 .422125E+03 .470991E+03 .500000E+03
 .500000E+03 .500000E+03 .500000E+03 .500000E+03 .394213E+03
 .394578E+03 .397502E+03 .400032E+03 .400039E+03 .400045E+03
 .400048E+03 .421665E+03 .468683E+03 .500000E+03 .500000E+03
 .500000E+03 .500000E+03 .500000E+03 .397444E+03 .397617E+03
 .398995E+03 .400049E+03 .400053E+03 .400056E+03 .400058E+03
 .417776E+03 .452253E+03 .487771E+03 .495216E+03 .497816E+03
 .499336E+03 .500000E+03 .398923E+03 .399000E+03 .399617E+03
 .400061E+03 .400064E+03 .400065E+03 .400066E+03 .414908E+03
 .442758E+03 .472550E+03 .486860E+03 .493718E+03 .498073E+03
 .500000E+03 .399742E+03 .399767E+03 .399965E+03 .400068E+03
 .400071E+03 .400071E+03 .400072E+03 .413312E+03 .437086E+03
 .463062E+03 .480366E+03 .490247E+03 .496976E+03 .500000E+03
 .400339E+03 .400335E+03 .400300E+03 .400071E+03 .400074E+03
 .400075E+03 .400075E+03 .413597E+03 .434393E+03 .457364E+03
 .475729E+03 .487563E+03 .496107E+03 .500000E+03 .400983E+03
 .400999E+03 .401127E+03 .401320E+03 .402081E+03 .403773E+03
 .407578E+03 .418683E+03 .434155E+03 .453942E+03 .472423E+03
 .485515E+03 .495430E+03 .500000E+03 .401492E+03 .401539E+03
 .401914E+03 .402786E+03 .404435E+03 .407407E+03 .412421E+03
 .421448E+03 .434527E+03 .452460E+03 .470757E+03 .484424E+03
 .495063E+03 .500000E+03 .500000E+03 .401607E+03 .402012E+03
 .402969E+03 .404730E+03 .407861E+03 .413026E+03 .421793E+03
 .434573E+03 .452275E+03 .470548E+03 .484288E+03 .495017E+03
 .500000E+03
    0    0    0    0    0    0    0    0    0    0    0    0    0    0    0    0    0    0
    0    0    0    0    0    0    0    0    0    0    0    0    0    0    0    0    0    0
    0    0    0    0    0    0    0    0    0    0    0    0    0    0    0    1    1    1
    1    0    0    0    0    0    0    0    0    0    0    1    1    1    1    0    0    0
    0    1    1    1    1    0    0    1    1    1    1    0    0    0    0    1    1    1
    1    0    0    1    1    1    1    0    0    0    0    1    1    1    1    0    0    0
    0    0    0    0    0    0    0    1    1    1    1    0    0    0    0    0    0    0
    0    0    0    1    1    1    1    0    0    0    0    0    0    0    0    0    0    1
    1    1    1    0    0    0    0    0    0    0    0    0    0    0    0    0    0    0
    0    0    0    0    0    0    0    0    0    0    0    0    0    0    0    0    0    0
    0    0    0    0    0    0    0    0    0    0    0    0    0    0    0    0
