 RESULTS OF CONDUCT FOR CARTESIAN COORDINATE SYSTEM
 **************************************************


 ----------------------------------------------------------------
 STEADY CONDUCTION IN IRREGULAR GEOMETRY                         
 ----------------------------------------------------------------


  ITER   T(2,12)   T(5,4)   T(10,12)    HEAT FLOW (BOTTOM FACE)
   0    5.00E+02  5.00E+02  5.00E+02           0.000E+00
   1    4.22E+02  3.80E+02  4.65E+02          -1.071E+04
   2    4.05E+02  3.73E+02  4.56E+02          -1.116E+04
   3    4.02E+02  3.73E+02  4.54E+02          -1.114E+04
   4    4.01E+02  3.73E+02  4.54E+02          -1.114E+04
   5    4.01E+02  3.73E+02  4.54E+02          -1.114E+04
   6    4.01E+02  3.73E+02  4.54E+02          -1.114E+04
   7    4.01E+02  3.73E+02  4.54E+02          -1.114E+04
   8    4.01E+02  3.73E+02  4.54E+02          -1.114E+04
   9    4.01E+02  3.73E+02  4.54E+02          -1.114E+04
  10    4.01E+02  3.73E+02  4.54E+02          -1.114E+04
 

  I =     1        2        3        4        5        6        7
  X = 0.00E+00 1.25E-01 3.75E-01 6.13E-01 8.37E-01 1.06E+00 1.29E+00

  I =     8        9       10       11       12       13       14
  X = 1.55E+00 1.85E+00 2.25E+00 2.75E+00 3.25E+00 3.75E+00 4.00E+00
 

  J =     1        2        3        4        5        6        7
  Y = 0.00E+00 1.00E-01 3.00E-01 5.00E-01 7.00E-01 9.50E-01 1.25E+00

  J =     8        9       10       11       12       13       14
  Y = 1.53E+00 1.78E+00 2.03E+00 2.28E+00 2.55E+00 2.85E+00 3.00E+00

 ******      TEMPERATURE       ******
         --------------------

  I =     1        2        3        4        5        6        7
  J
 14    5.00E+02 4.02E+02 4.02E+02 4.03E+02 4.05E+02 4.08E+02 4.13E+02
 13    4.01E+02 4.02E+02 4.02E+02 4.03E+02 4.04E+02 4.07E+02 4.12E+02
 12    4.01E+02 4.01E+02 4.01E+02 4.01E+02 4.02E+02 4.04E+02 4.08E+02
 11    4.00E+02 4.00E+02 4.00E+02 4.00E+02 4.00E+02 4.00E+02 4.00E+02
 10    4.00E+02 4.00E+02 4.00E+02 4.00E+02 4.00E+02 4.00E+02 4.00E+02
  9    3.99E+02 3.99E+02 4.00E+02 4.00E+02 4.00E+02 4.00E+02 4.00E+02
  8    3.97E+02 3.98E+02 3.99E+02 4.00E+02 4.00E+02 4.00E+02 4.00E+02
  7    3.94E+02 3.95E+02 3.98E+02 4.00E+02 4.00E+02 4.00E+02 4.00E+02
  6    3.86E+02 3.87E+02 3.93E+02 4.00E+02 4.00E+02 4.00E+02 4.00E+02
  5    3.73E+02 3.74E+02 3.78E+02 3.88E+02 3.91E+02 3.93E+02 3.98E+02
  4    3.60E+02 3.60E+02 3.64E+02 3.69E+02 3.73E+02 3.77E+02 3.86E+02
  3    3.45E+02 3.45E+02 3.47E+02 3.50E+02 3.54E+02 3.58E+02 3.66E+02
  2    3.28E+02 3.28E+02 3.30E+02 3.32E+02 3.34E+02 3.37E+02 3.43E+02
  1    5.00E+02 3.20E+02 3.21E+02 3.22E+02 3.24E+02 3.26E+02 3.30E+02

  I =     8        9       10       11       12       13       14
  J
 14    4.22E+02 4.35E+02 4.52E+02 4.71E+02 4.84E+02 4.95E+02 5.00E+02
 13    4.21E+02 4.35E+02 4.52E+02 4.71E+02 4.84E+02 4.95E+02 5.00E+02
 12    4.19E+02 4.34E+02 4.54E+02 4.72E+02 4.86E+02 4.95E+02 5.00E+02
 11    4.14E+02 4.34E+02 4.57E+02 4.76E+02 4.88E+02 4.96E+02 5.00E+02
 10    4.13E+02 4.37E+02 4.63E+02 4.80E+02 4.90E+02 4.97E+02 5.00E+02
  9    4.15E+02 4.43E+02 4.73E+02 4.87E+02 4.94E+02 4.98E+02 5.00E+02
  8    4.18E+02 4.52E+02 4.88E+02 4.95E+02 4.98E+02 4.99E+02 5.00E+02
  7    4.22E+02 4.69E+02 5.00E+02 5.00E+02 5.00E+02 5.00E+02 5.00E+02
  6    4.22E+02 4.71E+02 5.00E+02 5.00E+02 5.00E+02 5.00E+02 5.00E+02
  5    4.19E+02 4.65E+02 5.00E+02 5.00E+02 5.00E+02 5.00E+02 5.00E+02
  4    4.05E+02 4.51E+02 5.00E+02 5.00E+02 5.00E+02 5.00E+02 5.00E+02
  3    3.82E+02 4.12E+02 4.63E+02 4.68E+02 4.69E+02 4.78E+02 5.00E+02
  2    3.52E+02 3.70E+02 3.98E+02 4.04E+02 4.06E+02 4.26E+02 5.00E+02
  1    3.37E+02 3.49E+02 3.68E+02 3.72E+02 3.74E+02 3.89E+02 5.00E+02
