STEADY CONDUCTION WITH HEAT GENERATION                          
    2    8    8    5    1    1    0    0    0    0
    0
   TEMPERATURE                                                          
                  
 .000000E+00 .166667E+00 .500000E+00 .833333E+00 .116667E+01
 .150000E+01 .183333E+01 .200000E+01 .000000E+00 .166667E+00
 .500000E+00 .833333E+00 .116667E+01 .150000E+01 .183333E+01
 .200000E+01 .000000E+00 .333333E+00 .666667E+00 .100000E+01
 .133333E+01 .166667E+01 .200000E+01 .000000E+00 .333333E+00
 .666667E+00 .100000E+01 .133333E+01 .166667E+01 .200000E+01
 .100000E+01 .100000E+01 .100000E+01 .100000E+01 .100000E+01
 .100000E+01 .100000E+01 .100000E+01
 .000000E+00 .000000E+00 .000000E+00 .000000E+00 .000000E+00
 .000000E+00 .000000E+00 .000000E+00 .000000E+00 .205354E+00
 .407730E+00 .488602E+00 .488602E+00 .407730E+00 .205354E+00
 .000000E+00 .000000E+00 .407730E+00 .897650E+00 .110979E+01
 .110979E+01 .897650E+00 .407730E+00 .000000E+00 .000000E+00
 .488602E+00 .110979E+01 .138757E+01 .138757E+01 .110979E+01
 .488602E+00 .000000E+00 .000000E+00 .488602E+00 .110979E+01
 .138757E+01 .138757E+01 .110979E+01 .488602E+00 .000000E+00
 .000000E+00 .407730E+00 .897650E+00 .110979E+01 .110979E+01
 .897650E+00 .407730E+00 .000000E+00 .000000E+00 .205354E+00
 .407730E+00 .488602E+00 .488602E+00 .407730E+00 .205354E+00
 .000000E+00 .000000E+00 .000000E+00 .000000E+00 .000000E+00
 .000000E+00 .000000E+00 .000000E+00 .000000E+00
